0.005
5.178857143
3.4748
2.32442
3.752705
1.194875
1.7642
1.70438
1.365
3.07665
0.95828
4.7468
1.36425
4.263
1.3219
0.94607
0.979565
1.033265
0.98255
1.012
1.032355
1.0011
1.980125
1.00075
1.0477
4.76055
1.484065
1.0013
2.14775
3.545925
0.94665
1.22882381
0.932945
1.20035
0.8533
2.53461
1.0116
1.059225
1.143
1.1912
1.43825
1.59314
4.3721
1.406075
1.24774
0.96695
6.01772
1.079135
3.570852381
5.49825
0.8769
0.9557
0.9451
1.17832
0.99175
4.4238
1.0038
0.98195
2.03757
1.07985
1.73745
0.9852
0.5728
0.72667
0.849305
1.05816
1.07682
1.39687619
1.301385
2.38133
4.052885
0.896235
5.2387
5.827995
2.729075
4.653355
0.04552380952
